[0.0, 0.09090909090909091, 0.18181818181818182, 0.2727272727272727, 0.36363636363636365, 0.45454545454545453, 0.5454545454545454, 0.6363636363636364, 0.7272727272727273, 0.8181818181818182, 0.9090909090909091, 1.0]
[0.0, 0.25, 0.5, 0.75, 1.0]
[0.0, 0.2, 0.4, 0.6, 0.8, 1.0]
[0.0, 0.1111111111111111, 0.2222222222222222, 0.3333333333333333, 0.4444444444444444, 0.5555555555555556, 0.6666666666666666, 0.7777777777777778, 0.8888888888888888, 1.0]
[0.0, 0.1, 0.2, 0.3, 0.4, 0.5, 0.6, 0.7, 0.8, 0.9, 1.0]
[0.0, 0.25, 0.5, 0.75, 1.0]
[0.0, 0.16666666666666666, 0.3333333333333333, 0.5, 0.6666666666666666, 0.8333333333333334, 1.0]
[0.0, 0.1111111111111111, 0.2222222222222222, 0.3333333333333333, 0.4444444444444444, 0.5555555555555556, 0.6666666666666666, 0.7777777777777778, 0.8888888888888888, 1.0]
[0.0, 0.125, 0.25, 0.375, 0.5, 0.625, 0.75, 0.875, 1.0]
[0.0, 0.1, 0.2, 0.3, 0.4, 0.5, 0.6, 0.7, 0.8, 0.9, 1.0]
[0.0, 1.0]
[0.0, 0.5, 1.0]
