60,55,59,64,113,121,139,137,129,145,|172,176,186,203,209,210,|235,237,246,251,257,271,286,|308,317,326,340,330,322,316,324,345,359,364,383,|408,400,398,407,424,429,429,428,439,460,463,462,469,|476,|598,582,583,622,586,|642,644,655,661,656,683,681,672,696,|809,833,813,830,852,855,857,872,881,|901,911,914,900,892,887,906,925,934,915,|951,956,969,976,975,959,956,972,1014,1016,1048,|1141,|1145,|1159,1175,|1188,1200,1190,|


74,89,148,75,142,152,137,88,51,65,|97,132,143,137,118,100,|97,123,105,100,110,103,121,|106,110,111,103,91,102,115,125,121,98,132,92,|60,84,110,121,110,92,92,109,125,104,84,106,120,|61,|72,76,84,110,118,|84,95,101,88,82,106,120,141,142,|76,110,112,98,87,79,93,103,74,|77,79,136,168,167,156,83,70,79,109,|81,92,90,78,69,83,100,106,61,97,62,|63,|93,|72,74,|45,72,99,|


61,53,55,59,62,62,62,110,130,141,132,147,|173,173,187,209,209,|234,235,249,259,274,288,|304,330,333,314,330,352,358,361,381,|404,396,404,429,429,435,464,461,467,|477,|599,578,592,609,624,583,|643,644,666,656,686,672,698,|808,828,834,811,857,869,882,|902,913,908,897,887,895,918,936,915,|951,970,982,962,956,982,1014,1014,1048,|1139,|1145,|1160,1175,|1185,1197,1187,|
69,102,131,150,132,104,71,144,152,128,57,69,|96,127,145,130,99,|96,125,100,116,103,121,|106,114,92,111,133,118,101,134,96,|62,95,121,93,95,129,86,109,124,|60,|79,80,94,104,112,118,|80,102,93,82,112,137,141,|74,100,113,113,83,103,75,|74,113,153,173,159,111,68,77,107,|81,93,75,75,104,105,66,104,60,|62,|92,|75,76,|40,68,99,|

60,54,58,63,63,91,129,139,131,145,|172,173,189,210,209,|233,235,250,259,273,286,|305,335,328,315,329,352,356,358,362,381,|403,396,404,427,429,429,441,455,464,462,468,|476,|596,580,594,620,585,642,640,664,657,685,670,697,|807,828,832,812,830,854,868,882,|902,914,908,894,886,906,928,919,|951,968,983,957,965,1012,1011,1047,|1138,|1145,|1161,1174,|1186,1197,1187,1187,|
70,109,151,110,70,115,152,98,57,68,|94,125,145,127,100,|97,126,101,114,104,122,|105,112,92,112,133,116,100,115,134,90,|64,96,123,106,92,122,127,112,85,110,123,|60,|77,77,97,109,118,79,98,100,83,110,138,143,|75,99,112,110,96,82,102,77,|76,113,161,169,155,87,67,103,|84,91,71,88,114,68,97,61,|65,|92,|73,73,|45,69,100,100,|


62,54,58,61,62,109,127,140,131,145,|171,173,190,211,210,|234,235,249,257,272,287,|306,333,332,316,329,358,361,378,403,397,404,430,438,464,465,|477,|600,583,584,622,583,|642,643,665,657,686,672,699,|807,835,812,852,854,866,876,883,|903,915,896,891,915,936,912,|952,970,980,954,964,1013,1013,1046,|1139,|1143,|1159,1172,|1185,1198,1189,|
69,106,148,107,72,142,152,135,57,70,|95,133,146,130,100,|96,124,103,115,106,122,|105,110,93,114,133,102,135,96,64,97,121,94,127,88,122,|60,|80,76,90,113,118,|79,101,92,83,112,140,143,|75,111,111,88,80,103,104,77,|75,127,171,129,69,78,113,|82,92,69,99,110,66,98,62,|63,|93,|73,73,|43,70,100,|

62,54,59,62,63,108,126,141,131,147,|172,174,188,212,208,|235,236,250,257,271,287,|305,335,330,316,329,348,356,362,381,|405,397,402,424,429,426,436,459,463,462,467,|475,475,|596,580,621,582,|642,641,657,665,655,685,671,696,|808,833,821,812,853,869,881,881,|903,915,898,890,916,934,911,|951,972,980,960,965,988,1014,1013,1048,|1139,|1144,|1158,1176,|1183,1196,1187,|
66,105,148,108,68,140,153,126,56,70,|96,127,147,126,97,|96,125,98,113,104,121,|105,109,90,116,132,120,99,132,93,|60,98,122,113,93,116,128,108,84,108,123,|58,58,|75,85,109,118,|78,97,103,89,80,107,140,141,|74,106,113,104,82,104,92,74,|77,133,170,130,70,73,111,|83,91,69,81,113,99,65,101,62,|62,|91,|74,74,|43,67,103,|